100
0.0000 93.8478 101.0042 47.2287 142.8489 98.6611 134.8492 103.2342 74.1848 25.6665 227.2412 131.6875 19.8946 64.3084 1.4999 113.2539 76.4678 242.7477 22.7956 157.5509 92.6108 73.8644 11.8508 8.0856 65.9859 34.5180 90.8540 25.4021 250.2359 29.1544 238.2145 103.9978 88.7618 3.9117 74.5623 1.4071 41.5009 107.2488 70.9063 6.2648 29.5571 57.8108 62.7866 128.0036 18.2691 65.6156 0.3841 33.1508 90.1235 33.4505 24.2870 214.0468 110.5956 6.3465 26.3700 36.3088 95.4198 53.6730 51.1887 54.3154 117.2252 34.4144 156.4557 84.2605 2.8594 3.3663 75.2475 100.8199 46.0895 43.3894 77.9013 139.1665 17.5444 42.8104 16.1148 82.3367 234.4926 46.1806 180.4904 72.1396 67.5385 15.2160 122.3785 4.2891 47.3282 82.7146 127.2276 113.3519 68.6400 76.6352 138.6503 61.6564 115.1532 35.8652 37.1609 170.6574 51.5322 78.2668 92.8395 3.4192
93.8478 0.0000 8.4766 32.5342 49.8110 39.6307 14.0489 105.0212 179.6765 196.9181 161.5783 107.0863 184.6502 92.8718 54.0598 134.5971 35.2339 0.8481 49.9042 20.4120 90.6326 94.5966 117.2442 82.8474 45.4355 100.6898 54.0772 37.9192 61.4982 17.3827 70.4733 31.6045 189.0310 48.1659 35.2225 165.2183 99.3945 93.7313 21.1177 56.7664 41.6376 7.3522 24.6161 26.8954 104.9958 61.1146 57.4260 12.4008 23.6500 21.7886 36.5712 50.8948 30.0117 10.2325 52.7020 45.7594 88.4352 39.9611 44.4731 61.6289 2.4424 38.6189 129.2462 55.0278 14.2158 7.8481 141.9978 143.3771 239.3104 61.5206 2.7222 78.9342 195.0002 21.0829 21.2070 123.1941 91.5173 15.6437 138.7194 30.6531 131.6414 126.6443 30.0437 3.5516 188.6058 147.8430 77.2855 24.2348 73.8984 4.4804 8.2956 75.8898 179.4525 4.8794 37.2196 63.9897 85.5961 27.8313 101.5045 3.7149
101.0042 8.4766 0.0000 102.1210 89.5177 86.8451 139.6358 86.9078 155.9069 42.3370 3.2489 150.5313 1.7062 1.8955 89.9722 59.6829 204.6547 152.8398 93.4611 189.4265 62.6573 211.6502 77.2270 168.6838 14.4822 47.9136 9.0722 199.2591 117.4786 3.7114 124.2510 41.1584 9.4058 7.4060 59.4041 66.7222 31.1389 138.6194 20.5637 96.4931 25.5870 30.9351 189.9459 23.2037 98.2622 115.5626 183.2573 294.9712 29.2505 49.9046 24.5448 53.2524 107.8281 106.2545 35.8301 130.5201 28.7711 193.7339 29.6902 124.7513 63.2563 167.2060 6.1192 35.8540 135.2447 49.7349 48.6664 113.5295 34.4055 122.3019 95.5166 187.6813 3.1754 18.9304 9.9351 51.9484 105.7104 204.6069 95.2737 82.9401 68.1055 68.3593 53.5493 77.1793 49.4871 4.3110 11.5101 47.3979 13.0231 101.4405 71.8731 68.7220 17.7155 7.7749 15.8459 28.9238 155.5060 47.7505 54.9779 76.0001
47.2287 32.5342 102.1210 0.0000 208.5272 51.2162 61.4471 16.1084 44.9475 18.6048 104.5254 30.0538 5.9912 48.7765 135.1225 27.7454 170.9800 144.8051 40.2396 102.2840 116.3767 129.8852 44.6982 55.1270 49.1088 64.3256 67.6022 13.6218 201.5520 79.5337 99.6806 45.0056 18.0657 66.6332 6.7283 35.2273 169.8450 178.9687 4.9862 20.4253 157.9221 242.0558 23.7251 139.3105 28.6596 287.8131 24.6462 92.2799 23.8499 24.0807 110.3924 31.4479 68.2682 238.3477 94.1576 106.5982 16.6467 18.8997 17.1486 174.5805 86.2790 118.4927 98.6784 30.5453 6.9669 29.9054 104.1922 26.5079 201.3075 144.7533 65.1153 10.6741 124.5760 10.6939 68.2488 115.6449 7.6886 245.5952 60.0802 129.7056 72.1061 166.3231 43.9544 65.7913 38.2120 146.4886 61.3691 78.8248 142.7055 53.1215 52.4847 115.6302 50.1533 226.9699 72.6823 178.9086 70.0883 89.9380 244.7219 278.5831
142.8489 49.8110 89.5177 208.5272 0.0000 186.8976 4.7110 24.5569 130.7273 20.2946 71.7806 112.9663 15.1316 98.8653 96.2359 6.0367 48.4263 3.4355 202.1230 148.1343 43.7628 117.5189 88.0659 93.6034 63.8391 28.3806 13.6714 229.9321 1.1508 49.9846 53.4638 63.3253 44.0294 5.0698 102.9376 57.0304 91.4306 70.9125 135.6402 32.4240 127.4033 124.8229 29.8334 36.0813 59.2061 34.5417 75.2170 37.2044 126.6585 77.9076 3.2953 61.8634 21.3051 48.8996 16.4069 228.3518 92.9774 112.4342 74.5566 189.0201 33.4449 141.8959 142.6381 131.7251 0.9185 35.8426 38.6354 90.6745 64.9679 2.0540 163.1096 32.5254 118.0975 23.9783 81.6991 178.0764 36.1932 113.9856 128.9927 62.0900 125.4350 104.6948 89.4451 199.4024 103.9697 37.9598 98.5083 73.1979 31.4888 65.3529 92.2274 96.7725 144.9469 59.5674 73.6479 81.2426 61.9974 133.9593 242.8835 124.6956
98.6611 39.6307 86.8451 51.2162 186.8976 0.0000 52.2210 97.3864 28.5409 56.6121 81.6485 60.8655 47.9159 106.7855 21.1088 9.1231 11.1636 105.6269 91.2388 50.1406 164.8917 124.7779 82.8603 47.2601 55.9127 96.0441 65.8272 64.6849 86.9371 21.3629 143.9281 119.4801 8.7217 99.0637 98.4281 25.9298 151.1316 24.2246 77.3079 5.7086 44.3596 107.0196 114.7790 171.8119 60.3157 135.5094 64.7315 40.8596 155.8247 76.5329 345.9020 74.9638 46.9864 140.1076 9.3647 103.7113 182.4695 19.8487 71.8309 69.1743 122.0866 203.2316 22.5537 37.3533 34.8219 68.2086 109.2262 9.4495 169.0793 24.2333 67.1876 18.4061 32.5311 239.6305 73.1200 0.0758 142.8286 45.4917 34.8559 21.6858 51.6003 29.3163 9.5995 34.1739 176.4703 62.6756 73.6250 112.6860 112.3704 189.6982 79.7140 155.2732 35.9809 1.3782 83.7128 45.7113 58.0567 36.2106 70.3135 48.0137
134.8492 14.0489 139.6358 61.4471 4.7110 52.2210 0.0000 36.4910 39.1706 100.6668 287.1517 84.3075 13.4821 186.4822 230.7188 210.7396 19.9172 57.8839 26.9391 108.0597 45.0646 110.4474 34.9064 18.2194 106.1966 11.1473 30.2774 15.8000 108.8713 66.6915 71.3506 208.8385 227.5908 185.3042 92.7837 27.4291 15.3166 25.5313 162.6672 205.6505 72.1855 26.7426 37.0427 23.6536 11.8048 61.4689 147.8461 11.0070 33.8673 48.0287 65.8472 251.6135 27.7941 8.6348 26.4591 97.7649 46.5268 83.5861 177.8897 27.6064 57.0246 92.8760 3.7595 13.4677 106.9781 96.8253 92.5518 129.9659 62.8332 87.5039 104.0921 342.8948 111.2175 44.4792 40.4229 50.2902 1.6443 147.0436 220.6507 50.4931 5.7304 48.9373 69.8990 31.6684 210.7865 116.1992 21.9416 117.3693 41.2155 88.9142 139.0207 166.9527 124.1673 22.0021 72.3759 10.9863 22.4471 79.0297 181.8476 80.4139
103.2342 105.0212 86.9078 16.1084 24.5569 97.3864 36.4910 0.0000 117.4331 45.9248 24.9565 56.1907 215.5345 44.1848 70.1671 19.7001 159.7106 40.2415 57.5894 124.4761 68.1348 249.1160 143.4322 113.3055 192.3877 151.2703 146.0339 109.5521 123.2673 32.8989 37.7181 0.8222 3.8398 50.8848 87.0158 28.8640 2.2561 23.5494 159.5631 55.1914 4.3939 110.7966 66.6188 174.7209 31.7922 23.4861 13.0345 4.3230 104.4115 33.9450 88.9525 106.1479 39.3642 150.1483 114.9452 256.3274 24.7590 64.5698 44.1038 45.9500 90.1019 183.3400 90.4597 102.6837 36.3453 112.5516 116.5241 60.8555 143.2439 19.5864 137.7815 120.5346 17.1247 22.1748 215.5867 34.4804 114.0225 93.4193 70.6082 7.1297 53.9258 59.0313 65.0695 30.8118 29.9300 0.9941 107.3283 69.9484 102.5934 64.5540 160.5032 156.0741 4.5532 166.0593 127.9323 40.9005 58.9276 12.3447 167.2305 101.5742
74.1848 179.6765 155.9069 44.9475 130.7273 28.5409 39.1706 117.4331 0.0000 22.7053 93.6921 36.5993 53.7764 24.1430 61.0397 12.9090 60.1247 51.4819 108.4751 78.6067 117.2249 181.4456 71.9040 96.5577 2.8016 26.5917 109.9651 198.8994 46.1977 255.9670 123.6879 18.3530 126.8663 29.2986 76.4180 22.3157 52.3468 11.6924 133.8033 86.8261 45.3247 3.5036 39.6857 79.3257 38.4608 4.1767 102.9023 10.1340 3.6066 43.0369 84.6605 20.8061 221.2187 15.6249 26.6800 0.6207 21.9934 97.4315 33.0664 99.1838 15.9164 84.0111 9.0018 34.2983 5.3645 12.0730 114.8443 109.8597 17.1057 9.7954 26.9367 152.0712 80.7625 12.9685 228.3812 135.8206 121.0402 47.8149 90.2303 137.5581 138.3390 51.6609 29.6205 46.3828 82.1892 110.4110 160.0173 45.9384 54.1891 62.3578 144.4929 22.8472 156.9523 33.8315 87.2734 62.1085 87.3654 59.7784 97.9720 51.4479
25.6665 196.9181 42.3370 18.6048 20.2946 56.6121 100.6668 45.9248 22.7053 0.0000 197.0205 107.8003 88.5745 73.3810 107.9475 74.4563 31.1521 200.4021 124.1593 10.3435 31.2683 131.4402 136.8395 179.6845 91.3069 10.8974 87.2209 200.6113 33.4078 94.2535 138.9158 58.9823 115.1827 46.3228 66.3614 36.8406 28.4634 300.3377 134.6674 144.4214 271.3077 81.9072 40.8713 129.9332 110.0514 44.0670 34.2727 112.9816 91.3802 84.3101 20.4227 73.3729 61.7384 37.6232 71.0116 125.4241 6.5613 63.8259 33.4200 28.9012 43.2727 29.2364 22.8876 75.1519 205.9366 20.9085 4.8402 6.9717 5.0672 16.1226 112.5114 27.5459 24.2038 55.6506 144.1217 68.0759 49.8748 105.8206 27.2516 116.6188 172.4635 158.3330 16.5965 95.6122 63.6420 162.4624 149.4526 75.2857 37.8686 100.3152 80.8484 107.3441 115.4138 23.9451 46.2338 74.6816 16.3447 53.5341 39.8757 110.2994
227.2412 161.5783 3.2489 104.5254 71.7806 81.6485 287.1517 24.9565 93.6921 197.0205 0.0000 72.2252 90.3485 28.9341 64.5015 52.5967 25.4290 127.5352 29.4547 22.5874 159.1941 154.5644 160.5791 43.5322 118.9992 109.1333 57.9313 148.1294 49.9293 58.2732 64.8261 46.2919 45.9665 2.5777 26.8628 137.0244 95.4689 28.8207 6.4595 110.0880 70.0224 25.9243 60.4981 14.3316 55.0841 9.7703 86.6490 12.2221 45.7122 247.0997 88.6033 23.7476 40.4874 122.7392 41.1445 34.4583 93.4923 40.8997 63.9010 233.9335 74.3186 35.4769 5.9094 40.1384 71.1750 49.2652 69.8878 83.4957 61.2369 34.8929 43.6745 47.9515 11.9458 69.4847 101.0054 117.8962 41.9197 44.2289 67.0566 31.6339 45.1532 70.5534 44.1900 60.7899 101.0586 99.4113 74.9126 18.5880 217.6588 69.5867 20.2101 132.2836 35.0211 73.4713 221.9348 56.8832 17.3254 133.2257 10.3758 96.2388
131.6875 107.0863 150.5313 30.0538 112.9663 60.8655 84.3075 56.1907 36.5993 107.8003 72.2252 0.0000 146.7026 85.6988 103.3370 36.3811 194.3712 49.8993 45.3276 71.0419 166.1249 14.4339 0.9138 19.0388 4.0530 34.9769 37.7952 84.0024 93.8882 9.2534 274.1223 4.5265 128.2559 48.6254 168.4150 7.8685 264.4869 148.4677 24.3177 89.3367 113.1224 87.0894 48.2867 200.6933 90.6952 81.7860 160.6918 37.7524 6.3179 51.0365 4.7344 13.5271 81.8599 53.8087 51.9446 3.5521 25.6457 73.8145 184.5126 72.0249 151.0093 172.3764 77.4679 86.8107 118.9719 22.1216 24.1132 49.7326 6.0533 40.4781 46.3220 0.4774 130.4688 57.7905 144.5914 32.5374 62.6342 180.3076 52.4722 76.0893 48.1856 38.7820 226.1803 47.1989 0.4201 101.7462 51.3758 157.7787 79.7537 17.3984 99.9079 73.5007 208.0308 100.6175 78.6772 174.0565 231.2819 19.5418 129.3194 56.7028
19.8946 184.6502 1.7062 5.9912 15.1316 47.9159 13.4821 215.5345 53.7764 88.5745 90.3485 146.7026 0.0000 74.0150 88.9947 41.9202 62.7655 82.3870 121.3868 30.5109 129.1461 204.9370 225.1536 116.7058 70.6612 107.0460 106.0603 88.2430 103.8379 44.9188 35.2800 227.2821 31.3511 27.3005 59.6323 127.4273 47.1572 23.8248 90.4409 122.2487 183.5174 1.3727 138.4422 61.3648 161.6144 30.0435 55.7913 138.6222 46.5057 125.5529 173.4935 36.4935 11.9114 74.3123 74.5740 2.4931 20.3082 40.2653 197.6929 43.3681 66.2701 138.9969 98.4991 25.4398 86.9349 57.3620 177.7697 28.0385 170.7837 36.9863 101.0115 13.1928 48.9194 163.9265 74.6694 28.0613 110.5687 19.9082 121.1638 144.7133 29.2003 82.0219 52.2192 153.8853 202.9349 106.6363 184.7169 34.8776 55.0978 219.0668 87.2614 45.2073 75.0235 113.7901 65.2799 2.3965 108.5971 105.9762 67.6333 57.1720
64.3084 92.8718 1.8955 48.7765 98.8653 106.7855 186.4822 44.1848 24.1430 73.3810 28.9341 85.6988 74.0150 0.0000 48.7520 115.3371 6.2204 31.5004 13.6200 61.4191 128.6115 36.7814 63.4854 107.8781 73.5564 18.6370 103.3716 79.8599 45.8956 16.9763 22.5985 73.0039 125.9570 70.5773 58.9657 133.0630 115.1379 112.4917 16.8532 30.7893 107.4764 19.9727 50.7556 82.7542 143.9810 10.5823 14.7857 85.7297 134.9812 27.4127 49.3574 10.8624 66.3879 127.4024 91.4392 4.0291 160.2010 76.0799 113.4529 5.2545 62.8129 88.6763 30.5189 50.0045 47.0854 142.7464 133.2274 45.6974 21.5087 25.9983 7.9088 143.3740 70.1802 167.6151 88.5271 56.0474 82.9941 55.2003 21.7122 67.2750 87.3168 102.6160 101.1629 219.6298 114.7724 40.0355 161.0452 31.6512 88.9917 57.3855 196.7877 44.5913 62.4582 2.5687 158.1051 128.6208 152.2070 125.5219 173.8722 31.4527
1.4999 54.0598 89.9722 135.1225 96.2359 21.1088 230.7188 70.1671 61.0397 107.9475 64.5015 103.3370 88.9947 48.7520 0.0000 110.3623 115.5168 22.6006 46.5733 78.8625 120.1307 100.1211 79.8118 61.8416 101.6755 11.1471 181.7174 71.9693 30.0309 8.0364 191.3985 49.2668 121.3667 146.7398 70.3081 53.7010 7.6222 22.0144 46.5946 19.6585 126.1484 71.7999 60.6247 114.2737 86.9323 30.7869 31.4053 24.8783 138.0733 58.0582 12.5610 54.5199 18.8495 43.6689 28.4128 78.1692 77.6007 126.5999 45.7377 222.3332 64.2040 41.0701 56.7835 141.8283 102.7185 112.0957 95.2864 140.7766 43.3648 72.2882 33.9532 85.9398 21.6571 86.5057 31.9816 61.3407 44.7160 40.6143 56.7349 30.3768 76.6519 113.0226 54.4064 89.3629 75.6761 45.5990 169.2171 253.4160 120.4026 22.3187 106.5024 5.5064 50.2977 16.7379 105.6573 9.8700 94.2370 27.2970 124.6496 171.2747
113.2539 134.5971 59.6829 27.7454 6.0367 9.1231 210.7396 19.7001 12.9090 74.4563 52.5967 36.3811 41.9202 115.3371 110.3623 0.0000 121.8299 204.7800 60.5682 47.1958 5.4046 48.0821 66.9091 223.7073 0.1179 129.4426 55.5074 86.1184 181.2075 312.1549 230.1231 28.4076 10.2494 85.7967 67.5756 115.9811 50.6640 19.1667 77.1313 199.7866 87.6878 9.2590 30.9584 176.2939 195.1714 24.7060 99.0402 57.3995 117.0488 163.3618 28.5067 49.4445 145.7716 157.3731 120.1051 11.0746 27.2494 172.1254 21.7839 13.9057 27.4250 19.0746 67.7194 147.2164 109.2067 56.0649 58.5614 18.7593 134.6645 135.1860 55.8294 59.6032 162.8060 67.5987 48.3726 142.7265 116.2869 118.3166 35.5839 9.7688 131.5866 7.8874 65.5450 8.4465 85.3353 48.1443 86.7595 95.5372 65.1631 114.0100 69.2823 144.7155 110.6990 11.7227 68.3920 31.3721 73.8665 2.6301 54.6476 38.9402
76.4678 35.2339 204.6547 170.9800 48.4263 11.1636 19.9172 159.7106 60.1247 31.1521 25.4290 194.3712 62.7655 6.2204 115.5168 121.8299 0.0000 83.0013 168.3058 124.6100 6.2263 64.5097 114.7229 71.6905 39.2514 265.2853 336.1347 36.6872 21.6494 116.5686 159.0507 79.5843 154.9725 143.2575 197.0207 28.2580 65.5853 43.3660 22.2835 92.0551 108.5150 22.3360 89.6764 130.2353 103.7325 55.1556 104.3798 28.4024 4.7120 126.6073 67.8255 35.7186 48.2919 82.8091 208.6591 49.1507 34.8830 22.8137 108.5299 77.9233 99.0672 47.3191 100.2482 132.9136 121.0629 75.9421 114.0991 138.3371 18.6305 148.3428 67.8106 133.7288 4.3791 2.7049 185.7949 46.0082 77.9731 10.8394 1.5511 13.6684 231.7358 241.5810 87.3053 11.8857 120.7544 80.6286 159.1715 45.1377 35.1240 74.2951 69.8520 36.2388 20.5448 25.7003 49.5369 27.0098 96.2153 2.5522 106.3231 20.0507
242.7477 0.8481 152.8398 144.8051 3.4355 105.6269 57.8839 40.2415 51.4819 200.4021 127.5352 49.8993 82.3870 31.5004 22.6006 204.7800 83.0013 0.0000 64.9786 98.8994 122.3317 139.8893 82.6885 25.8496 240.5333 25.1613 47.4195 25.8769 44.4484 8.3062 75.7832 20.4285 25.0671 157.8548 48.4613 106.2198 99.8221 201.8453 82.4956 3.3222 122.8145 200.8021 87.7953 65.1197 212.7188 33.8883 242.4619 74.3893 35.4242 10.9998 52.2743 40.0199 75.5662 81.3882 28.5919 0.3489 8.1652 22.5963 8.1018 34.0126 81.5137 58.3041 83.2497 69.9849 65.5018 236.7703 18.6770 133.9223 97.5835 86.0762 29.1831 50.4361 80.9752 15.9129 17.8734 157.9557 48.6305 182.6454 26.9250 138.7446 45.3090 6.5521 83.5113 57.6816 89.9376 64.6725 51.7163 91.2676 11.7275 65.6276 17.2321 16.4777 62.4110 238.5691 106.6311 56.7471 128.9571 223.7407 42.2402 256.5926
22.7956 49.9042 93.4611 40.2396 202.1230 91.2388 26.9391 57.5894 108.4751 124.1593 29.4547 45.3276 121.3868 13.6200 46.5733 60.5682 168.3058 64.9786 0.0000 13.1515 128.3527 63.6119 148.5333 124.5579 16.8319 72.0593 23.7081 35.3510 134.9165 42.5603 90.5896 46.1055 140.8776 46.5527 18.5266 96.7066 235.4342 102.1470 63.6129 19.9660 113.7797 51.9948 189.5431 105.8444 71.3997 32.7191 149.8161 52.9859 49.2321 111.8080 26.3983 21.3470 4.8437 4.6677 54.2568 106.5683 15.8091 21.7313 25.2446 232.8612 31.5504 80.1798 18.1951 34.3670 35.8982 188.9610 53.1586 158.7075 118.4729 125.1985 208.9877 158.2603 61.6637 61.8919 2.5368 179.3608 69.7590 142.7896 196.7301 39.5273 76.2810 6.1093 125.1650 2.7405 116.4849 39.7001 196.2223 0.2652 78.5800 74.7558 89.4455 13.7568 61.9381 54.2481 51.7080 9.3545 48.3202 9.4263 55.0376 129.3427
157.5509 20.4120 189.4265 102.2840 148.1343 50.1406 108.0597 124.4761 78.6067 10.3435 22.5874 71.0419 30.5109 61.4191 78.8625 47.1958 124.6100 98.8994 13.1515 0.0000 126.0085 0.3355 92.3380 0.1292 32.9780 36.3831 25.3839 120.1666 117.0693 15.2639 132.1769 64.3799 5.9069 109.7677 57.9634 144.2258 146.4301 361.6876 71.4111 19.9327 74.7400 98.1409 105.7109 154.4657 95.3508 72.1535 97.7633 47.8236 82.8080 32.8672 10.3544 243.2427 6.8370 15.4157 94.5083 75.4260 60.9179 121.5868 59.5685 15.0763 133.3099 14.3315 3.2888 174.2039 65.6514 36.9054 55.6128 30.8217 296.2816 32.0145 41.6133 36.7721 86.1096 9.6116 28.2818 0.9121 76.5915 62.6408 87.5769 145.4348 93.1381 141.4444 54.7523 183.1840 71.3173 6.4415 45.5235 94.7521 24.6607 145.9333 108.9225 127.2160 103.4402 73.4782 24.7601 117.6045 60.4597 84.9491 46.0957 62.4893
92.6108 90.6326 62.6573 116.3767 43.7628 164.8917 45.0646 68.1348 117.2249 31.2683 159.1941 166.1249 129.1461 128.6115 120.1307 5.4046 6.2263 122.3317 128.3527 126.0085 0.0000 104.0793 74.3478 13.5910 89.0372 86.5769 114.7856 19.9687 0.9399 5.1889 111.8417 140.5579 54.8144 13.9443 31.6003 0.4988 48.6234 160.4709 57.0107 64.1586 145.7133 34.1479 85.6375 247.4715 11.8570 27.0971 19.4912 15.9053 61.7856 43.3352 8.0192 42.8064 76.6845 17.4339 83.5482 81.9145 56.3252 1.1949 314.3977 75.4247 48.1789 106.9455 62.1206 103.1878 117.9294 24.4202 206.3442 27.0561 218.0905 113.4187 35.0888 38.6878 11.2695 79.3896 146.2079 110.9730 33.5271 192.7355 98.9064 31.4447 156.0462 30.6382 2.7119 23.6217 2.2753 191.7274 86.8427 130.9651 59.6682 80.8796 24.8719 3.6464 90.0545 39.4474 0.5069 42.5290 65.6219 136.4252 3.0526 7.3621
73.8644 94.5966 211.6502 129.8852 117.5189 124.7779 110.4474 249.1160 181.4456 131.4402 154.5644 14.4339 204.9370 36.7814 100.1211 48.0821 64.5097 139.8893 63.6119 0.3355 104.0793 0.0000 70.8981 95.8732 19.7383 31.7341 8.6095 77.8352 3.6498 30.2584 73.1163 40.9221 71.3866 106.6787 101.0886 328.0753 128.1683 49.5323 14.8929 71.8529 12.0735 131.2886 90.7312 63.5614 164.8738 36.5026 241.8636 31.5426 203.9377 148.7461 23.8199 142.1038 38.7849 44.2469 56.3323 182.0466 82.2246 26.6653 119.7830 38.3406 35.1976 93.2237 34.9310 51.8038 262.5900 31.2687 16.6386 21.9075 102.7582 11.6944 101.8154 121.7761 106.3823 55.8447 2.5293 2.7501 8.8690 68.2704 22.0451 26.0256 15.8693 134.4558 20.8363 24.7872 139.3053 15.8015 254.1143 15.7823 50.9376 104.2773 45.4768 58.4736 14.9172 14.0477 210.3452 4.2329 59.2537 105.0093 39.7392 152.5075
11.8508 117.2442 77.2270 44.6982 88.0659 82.8603 34.9064 143.4322 71.9040 136.8395 160.5791 0.9138 225.1536 63.4854 79.8118 66.9091 114.7229 82.6885 148.5333 92.3380 74.3478 70.8981 0.0000 6.6202 2.5225 46.6243 65.1432 46.9691 74.7349 292.5679 117.0411 103.2765 32.8565 130.8136 102.9692 59.1752 16.7297 31.8986 10.2813 76.1992 93.6389 18.2360 212.1448 88.9949 17.4445 30.8672 77.4708 128.8271 74.2764 106.4030 19.9095 24.4606 39.6842 12.8148 163.3369 126.2626 3.0510 39.4876 76.4216 9.2381 81.3658 50.9798 7.9001 131.1234 87.3163 13.9866 95.0190 20.8775 196.8616 50.1868 60.9841 0.7761 127.4768 171.7621 19.7243 75.9219 92.9054 46.2851 23.6323 214.5259 144.5065 9.3481 74.6867 104.1658 7.7075 150.3314 147.5791 99.1922 1.6922 17.7264 55.2179 7.3641 210.0498 107.4041 176.7785 30.5301 3.1613 58.0246 250.7575 196.3182
8.0856 82.8474 168.6838 55.1270 93.6034 47.2601 18.2194 113.3055 96.5577 179.6845 43.5322 19.0388 116.7058 107.8781 61.8416 223.7073 71.6905 25.8496 124.5579 0.1292 13.5910 95.8732 6.6202 0.0000 110.3727 61.1195 38.4116 18.4039 148.3794 59.5876 18.9518 83.5300 84.8892 70.7972 138.2202 138.2487 69.1355 190.8484 72.7318 112.2307 60.4162 66.1264 6.5971 108.9082 109.7911 4.0580 24.8137 55.9116 60.2449 95.5349 47.5551 105.3948 89.8141 6.6661 174.5105 295.4792 50.0987 105.6027 170.8750 148.8700 87.8835 181.3704 15.0427 176.3934 102.7681 128.7710 60.0987 36.3130 23.4009 121.3529 222.8645 59.3785 41.8980 86.9001 96.6408 37.9344 32.0839 7.7502 91.7236 53.3631 138.4522 165.0935 51.0551 6.2233 50.2431 42.5853 70.3835 40.2078 19.5856 132.2970 35.8334 82.0097 16.7042 46.2601 55.2734 8.6530 23.2659 85.1401 57.7138 22.5290
65.9859 45.4355 14.4822 49.1088 63.8391 55.9127 106.1966 192.3877 2.8016 91.3069 118.9992 4.0530 70.6612 73.5564 101.6755 0.1179 39.2514 240.5333 16.8319 32.9780 89.0372 19.7383 2.5225 110.3727 0.0000 23.3506 12.7455 169.5818 88.3934 45.2630 177.1025 166.0231 75.6393 15.6754 27.7623 5.1546 10.2722 85.6892 73.3694 225.6061 19.8323 89.2986 112.9667 125.6055 4.1143 36.8657 13.4964 43.7521 33.6117 43.3421 52.9237 116.9113 24.0349 90.5635 89.1417 15.3657 15.2624 128.0611 2.8538 54.5126 195.7421 106.0028 10.8119 52.1128 65.5692 44.7299 167.1371 230.8301 164.0773 42.0232 72.0015 104.3202 31.4611 130.4133 115.3740 99.5736 88.5928 72.8618 23.6760 111.5467 35.2058 134.0257 134.8385 77.9025 12.9524 250.8800 119.6444 8.3697 18.2213 217.4391 146.9479 13.0561 25.8512 127.5974 48.9992 71.4813 19.5051 43.2603 32.7739 121.5949
34.5180 100.6898 47.9136 64.3256 28.3806 96.0441 11.1473 151.2703 26.5917 10.8974 109.1333 34.9769 107.0460 18.6370 11.1471 129.4426 265.2853 25.1613 72.0593 36.3831 86.5769 31.7341 46.6243 61.1195 23.3506 0.0000 5.7137 57.9019 36.9762 86.8710 24.2406 170.9172 117.4624 167.3484 223.3243 80.0693 53.5154 45.7528 10.3853 123.0225 31.3275 48.0128 107.1758 84.1289 105.9218 105.3739 86.7912 1.3581 113.9105 43.8409 37.7752 37.9927 106.1806 51.4252 73.3722 60.7123 50.7832 157.6844 85.4531 89.7687 10.0022 15.9774 33.3580 184.0469 79.4125 206.0848 70.7271 10.0912 199.6265 45.7181 30.7656 15.0629 60.4305 24.0760 29.0171 224.2997 55.3465 27.1344 191.6966 75.6118 22.3441 95.0438 163.1636 47.2951 7.9784 17.1454 211.4437 38.7660 50.4350 39.4651 5.6242 117.6296 29.6094 173.8507 145.8700 220.3459 70.6028 19.9240 118.2747 62.5482
90.8540 54.0772 9.0722 67.6022 13.6714 65.8272 30.2774 146.0339 109.9651 87.2209 57.9313 37.7952 106.0603 103.3716 181.7174 55.5074 336.1347 47.4195 23.7081 25.3839 114.7856 8.6095 65.1432 38.4116 12.7455 5.7137 0.0000 123.8943 5.5587 157.1533 70.7103 48.3748 39.0689 62.4331 52.9468 63.1835 128.8465 154.2686 12.0854 73.0066 70.3315 45.7724 196.7015 67.2053 42.4394 29.2012 220.5617 26.8325 134.1141 22.8113 245.4647 21.8592 30.4140 6.2379 14.3845 7.8221 99.6439 24.4994 17.2014 135.5721 91.6072 109.7413 13.6314 79.6340 36.5821 47.7538 2.3829 13.4810 109.9265 48.4862 99.5645 91.1188 74.4889 6.1922 101.1315 191.4159 133.0447 153.6651 70.8346 32.4424 66.9629 55.6822 69.3998 94.4142 66.1062 64.3380 44.9332 87.7711 8.4525 58.2924 80.6573 32.6419 76.2657 149.5144 26.1699 257.0676 35.6037 3.5285 8.5605 71.7508
25.4021 37.9192 199.2591 13.6218 229.9321 64.6849 15.8000 109.5521 198.8994 200.6113 148.1294 84.0024 88.2430 79.8599 71.9693 86.1184 36.6872 25.8769 35.3510 120.1666 19.9687 77.8352 46.9691 18.4039 169.5818 57.9019 123.8943 0.0000 126.5062 142.1019 190.0881 39.3223 1.4614 81.2924 34.2939 20.9567 108.7097 16.4667 8.3293 9.4565 109.3111 44.3504 67.0724 9.1046 158.5307 134.3815 87.9343 63.4585 93.3379 59.8464 92.2696 67.1754 45.4041 101.9483 19.9501 50.1079 33.8167 209.4724 135.9192 17.0552 98.5069 117.5447 50.8006 5.2917 71.3822 63.7692 115.5606 64.9072 62.4680 45.6313 47.7825 59.0036 151.1326 78.7317 12.9248 22.5894 39.9321 55.5276 133.2817 91.8746 6.3406 55.7950 9.0981 39.6317 124.6083 11.6549 25.6528 54.9376 96.9379 124.2278 76.0870 27.1485 19.6802 85.6839 86.7467 7.9058 37.4498 140.9994 25.2866 45.1524
250.2359 61.4982 117.4786 201.5520 1.1508 86.9371 108.8713 123.2673 46.1977 33.4078 49.9293 93.8882 103.8379 45.8956 30.0309 181.2075 21.6494 44.4484 134.9165 117.0693 0.9399 3.6498 74.7349 148.3794 88.3934 36.9762 5.5587 126.5062 0.0000 115.5322 123.5872 71.3592 254.7558 47.8948 115.8916 24.7461 153.5322 45.7771 1.7998 5.4243 64.5062 39.7249 63.9729 30.7083 47.5293 102.6479 179.1499 42.4663 83.8849 45.5323 69.8141 84.7174 85.3956 190.2951 28.2186 19.2275 158.0002 78.9029 43.0914 152.1917 64.0991 29.2791 122.8921 79.8849 61.4097 28.7282 114.6977 31.2779 74.5105 132.9220 57.2839 98.6831 106.1249 176.1790 110.9108 58.8122 128.9588 85.0655 4.1941 28.6392 194.8611 132.7398 74.7849 113.0702 7.2122 23.2612 38.4002 45.8642 14.7529 60.6642 21.0021 128.5919 2.3151 59.1616 133.7935 176.2836 111.0408 80.5854 27.0464 144.1791
29.1544 17.3827 3.7114 79.5337 49.9846 21.3629 66.6915 32.8989 255.9670 94.2535 58.2732 9.2534 44.9188 16.9763 8.0364 312.1549 116.5686 8.3062 42.5603 15.2639 5.1889 30.2584 292.5679 59.5876 45.2630 86.8710 157.1533 142.1019 115.5322 0.0000 59.7017 8.1796 38.6756 30.3821 57.7212 215.3074 108.2896 34.8031 8.0081 72.7631 121.4183 12.9967 139.8817 112.8171 31.1748 26.6128 17.9420 104.4229 46.1023 13.7459 15.2647 116.7732 25.0815 95.1676 126.8050 58.8591 30.3852 21.3123 34.8685 41.0052 11.6241 27.0707 88.8613 108.7191 18.3868 134.9766 209.2074 176.0473 51.9865 94.3697 28.8625 22.1798 71.5309 59.2339 74.0718 75.2279 125.2236 12.0382 42.7030 74.0054 145.8604 58.4852 59.1762 10.5761 30.4103 172.7336 36.4975 51.1678 110.2803 93.4716 52.4698 143.8675 18.2410 23.9293 84.4004 91.2118 76.7683 189.1038 27.3963 54.1840
238.2145 70.4733 124.2510 99.6806 53.4638 143.9281 71.3506 37.7181 123.6879 138.9158 64.8261 274.1223 35.2800 22.5985 191.3985 230.1231 159.0507 75.7832 90.5896 132.1769 111.8417 73.1163 117.0411 18.9518 177.1025 24.2406 70.7103 190.0881 123.5872 59.7017 0.0000 163.3997 63.6389 161.2457 29.9220 43.8525 71.4331 111.7501 47.7787 67.1112 44.7690 39.8061 163.5822 144.1135 1.7712 69.0190 97.9631 95.4202 44.0099 92.7428 37.8609 39.6861 103.6007 12.9688 16.5267 66.2913 70.1996 67.0254 58.1979 28.0863 21.8447 115.2390 264.3449 54.2577 95.5087 33.1447 14.0694 127.7796 49.0035 74.3839 10.1975 19.3901 46.7730 80.6333 265.6856 121.1997 47.6194 197.1659 51.1515 142.3637 44.2347 43.1516 102.0301 18.7009 15.9549 166.7684 117.5684 50.0135 106.0813 6.8522 167.2058 190.1716 25.0741 32.5468 71.5189 72.7318 101.2738 28.5808 10.6453 131.5836
103.9978 31.6045 41.1584 45.0056 63.3253 119.4801 208.8385 0.8222 18.3530 58.9823 46.2919 4.5265 227.2821 73.0039 49.2668 28.4076 79.5843 20.4285 46.1055 64.3799 140.5579 40.9221 103.2765 83.5300 166.0231 170.9172 48.3748 39.3223 71.3592 8.1796 163.3997 0.0000 105.3210 32.0133 38.3859 79.4021 12.8569 250.8678 57.0995 63.3291 3.6022 22.1512 183.8182 25.3615 39.9337 64.6962 43.3829 34.5139 12.1974 83.2266 38.6130 181.2895 35.9155 154.1027 4.8792 21.3888 161.6598 94.1899 108.4747 151.2868 136.5818 210.1577 66.5829 85.4822 78.6298 37.6400 8.5523 104.9798 1.4834 47.4751 7.9574 7.7090 108.3811 136.9927 14.3212 74.7197 34.4811 44.3285 8.6896 118.3371 101.2166 187.2395 115.0751 20.3007 56.0920 75.6350 60.4402 80.6845 40.0983 9.0659 8.1069 32.4183 106.7842 24.3465 4.4850 22.9916 15.2875 125.1226 98.7124 104.2451
88.7618 189.0310 9.4058 18.0657 44.0294 8.7217 227.5908 3.8398 126.8663 115.1827 45.9665 128.2559 31.3511 125.9570 121.3667 10.2494 154.9725 25.0671 140.8776 5.9069 54.8144 71.3866 32.8565 84.8892 75.6393 117.4624 39.0689 1.4614 254.7558 38.6756 63.6389 105.3210 0.0000 136.0432 72.6700 37.3002 70.5138 142.2020 66.4005 150.8991 106.5772 18.9209 195.4713 144.4708 118.4938 6.8411 171.8033 165.4481 19.3455 50.3234 49.2941 30.1999 179.6305 24.5801 182.9439 162.2298 38.1671 73.6855 53.4121 303.1539 55.9673 70.8326 111.2512 112.8533 88.9741 132.4700 70.4143 176.7232 127.8213 266.7862 204.5572 135.5482 165.3657 74.8246 29.6960 10.2381 8.8288 85.5864 91.4271 180.4968 117.1447 24.9152 26.2175 102.4041 50.8550 143.6568 73.8159 22.5432 4.7527 10.4039 74.1256 58.6319 44.0717 68.9072 84.0613 27.7423 40.9701 25.3552 38.6831 148.3733
3.9117 48.1659 7.4060 66.6332 5.0698 99.0637 185.3042 50.8848 29.2986 46.3228 2.5777 48.6254 27.3005 70.5773 146.7398 85.7967 143.2575 157.8548 46.5527 109.7677 13.9443 106.6787 130.8136 70.7972 15.6754 167.3484 62.4331 81.2924 47.8948 30.3821 161.2457 32.0133 136.0432 0.0000 30.7656 10.9888 104.8347 157.0568 23.5521 103.4197 106.7330 160.8584 24.5523 133.5672 153.8244 93.4442 95.3408 23.8066 59.9789 205.9987 67.3136 43.5847 87.1263 134.5153 12.2100 52.8124 173.7335 66.4422 204.6860 61.5915 57.1298 44.5222 105.1792 102.6669 80.6030 28.9654 155.2232 4.2977 11.9106 222.3622 19.8469 156.1732 158.2722 32.3236 42.3750 19.0569 51.5774 30.4704 42.2759 149.9044 17.9192 129.4180 5.0845 76.7635 13.1928 118.8910 27.4475 49.9705 265.4227 65.1171 82.6579 98.3665 9.2922 35.0192 107.0753 163.2055 30.8367 32.7333 8.5497 27.9379
74.5623 35.2225 59.4041 6.7283 102.9376 98.4281 92.7837 87.0158 76.4180 66.3614 26.8628 168.4150 59.6323 58.9657 70.3081 67.5756 197.0207 48.4613 18.5266 57.9634 31.6003 101.0886 102.9692 138.2202 27.7623 223.3243 52.9468 34.2939 115.8916 57.7212 29.9220 38.3859 72.6700 30.7656 0.0000 0.7098 204.8005 100.8604 80.1094 57.8325 157.7642 24.2066 171.1890 113.9262 43.8363 16.6098 252.7785 227.4040 15.5922 140.8939 64.7285 44.4437 12.7474 5.7259 35.6841 156.4751 81.9641 133.0493 32.1514 8.0473 134.7011 118.5620 212.1958 129.1400 19.2940 88.6062 76.8606 114.9555 152.5507 99.4132 12.1155 145.1168 81.6017 79.3611 40.2305 26.7165 143.8514 112.3266 30.1961 56.1382 188.3333 12.1854 51.8081 200.3833 51.2703 21.2112 69.3695 53.5356 85.4258 25.9908 81.4498 86.5438 30.6983 34.4957 39.7512 32.8655 1.8506 113.8188 147.9660 121.9880
1.4071 165.2183 66.7222 35.2273 57.0304 25.9298 27.4291 28.8640 22.3157 36.8406 137.0244 7.8685 127.4273 133.0630 53.7010 115.9811 28.2580 106.2198 96.7066 144.2258 0.4988 328.0753 59.1752 138.2487 5.1546 80.0693 63.1835 20.9567 24.7461 215.3074 43.8525 79.4021 37.3002 10.9888 0.7098 0.0000 56.0647 189.1686 88.1226 50.0957 95.6898 25.2393 101.7181 45.5722 217.0680 132.8285 30.0024 165.6742 126.8764 113.3283 30.3856 155.2405 75.5267 149.3850 180.6076 16.3009 91.1537 14.1391 83.7642 30.1347 146.8901 92.2457 147.9287 61.1117 8.1397 167.6830 239.9784 88.8653 122.1091 25.0375 50.7509 35.1229 4.3705 38.7246 134.6781 212.2399 20.9595 27.6018 118.0328 36.7130 25.2818 75.2466 76.8306 121.5504 240.5489 44.3124 16.2672 68.8859 43.8143 62.8825 169.1517 109.8879 18.0538 288.8430 29.1523 96.0728 63.2808 8.1761 77.6158 48.6570
41.5009 99.3945 31.1389 169.8450 91.4306 151.1316 15.3166 2.2561 52.3468 28.4634 95.4689 264.4869 47.1572 115.1379 7.6222 50.6640 65.5853 99.8221 235.4342 146.4301 48.6234 128.1683 16.7297 69.1355 10.2722 53.5154 128.8465 108.7097 153.5322 108.2896 71.4331 12.8569 70.5138 104.8347 204.8005 56.0647 0.0000 91.4887 38.1651 77.5582 20.8772 117.9341 7.0049 146.8501 81.8110 76.7348 116.9301 110.2406 68.3712 116.5577 15.8439 102.1828 20.5406 179.2358 33.4698 154.5497 72.6559 10.7215 58.3136 42.5871 76.7225 110.9654 16.8529 147.7098 109.1699 13.8111 8.8626 65.1756 24.4425 5.7259 9.1779 113.3884 193.1041 178.9313 33.6705 167.7018 50.4138 24.8455 111.2539 75.3105 135.1770 81.5044 50.0033 9.4995 6.8254 126.5653 144.9275 11.3251 11.7139 42.6233 266.6782 20.3348 13.8627 137.6460 99.9441 107.0821 58.5718 29.6793 209.8610 35.1255
107.2488 93.7313 138.6194 178.9687 70.9125 24.2246 25.5313 23.5494 11.6924 300.3377 28.8207 148.4677 23.8248 112.4917 22.0144 19.1667 43.3660 201.8453 102.1470 361.6876 160.4709 49.5323 31.8986 190.8484 85.6892 45.7528 154.2686 16.4667 45.7771 34.8031 111.7501 250.8678 142.2020 157.0568 100.8604 189.1686 91.4887 0.0000 54.5602 27.6749 13.1082 75.6894 243.6330 25.2056 9.4546 36.8429 91.1728 183.9925 67.1762 102.9714 92.0168 34.8784 50.9719 35.3201 247.4441 62.2571 85.1880 41.4445 136.6351 70.2357 0.0281 18.1349 46.8551 170.8749 86.7110 29.4156 183.5279 27.4021 5.6954 57.9265 129.1045 221.0190 55.7963 112.0720 256.5015 205.8760 204.1005 40.9766 206.2770 65.4627 106.9321 63.2774 61.2876 65.7929 28.1256 18.4097 53.6604 115.3866 19.1908 94.9150 66.5163 209.6508 249.8051 37.0999 25.2062 69.0536 86.0081 28.8404 50.3457 82.9481
70.9063 21.1177 20.5637 4.9862 135.6402 77.3079 162.6672 159.5631 133.8033 134.6674 6.4595 24.3177 90.4409 16.8532 46.5946 77.1313 22.2835 82.4956 63.6129 71.4111 57.0107 14.8929 10.2813 72.7318 73.3694 10.3853 12.0854 8.3293 1.7998 8.0081 47.7787 57.0995 66.4005 23.5521 80.1094 88.1226 38.1651 54.5602 0.0000 201.2939 23.0176 90.9466 68.1412 1.0872 65.7392 44.9548 27.2796 60.5564 28.7122 125.7757 108.7090 35.5656 53.5060 40.1894 3.7856 62.0625 73.8078 127.7120 101.7308 55.4254 61.4676 104.5662 83.3360 45.1437 10.4124 16.0727 46.2839 66.8679 7.0708 75.1927 110.1290 125.5038 32.5272 57.7924 112.1695 93.8804 25.1877 131.4479 89.4877 51.8412 126.6946 8.4648 56.9497 116.0623 1.1082 37.9810 90.8803 149.6267 8.6175 122.4824 4.1317 160.8137 52.9922 11.9392 118.2148 107.1675 280.0333 179.2549 16.3305 6.8197
6.2648 56.7664 96.4931 20.4253 32.4240 5.7086 205.6505 55.1914 86.8261 144.4214 110.0880 89.3367 122.2487 30.7893 19.6585 199.7866 92.0551 3.3222 19.9660 19.9327 64.1586 71.8529 76.1992 112.2307 225.6061 123.0225 73.0066 9.4565 5.4243 72.7631 67.1112 63.3291 150.8991 103.4197 57.8325 50.0957 77.5582 27.6749 201.2939 0.0000 86.4379 134.5762 141.7132 98.3481 162.4440 110.3301 150.8116 22.6744 93.5208 78.1775 19.7015 123.4455 126.6671 8.3652 137.3439 5.5724 47.6413 94.7384 46.7025 63.4543 85.2391 34.1237 22.9601 4.6625 31.1976 78.7100 138.8251 1.1222 26.3289 80.2588 174.6812 83.8568 6.9903 187.1103 58.5861 119.9704 198.9934 4.7094 180.8608 79.5931 30.9457 115.7613 105.5457 18.3880 101.8759 119.1274 22.1312 110.2545 149.0221 1.7102 16.9722 96.4510 13.1750 40.9840 25.5637 197.8414 111.9852 84.6999 124.5416 19.5067
29.5571 41.6376 25.5870 157.9221 127.4033 44.3596 72.1855 4.3939 45.3247 271.3077 70.0224 113.1224 183.5174 107.4764 126.1484 87.6878 108.5150 122.8145 113.7797 74.7400 145.7133 12.0735 93.6389 60.4162 19.8323 31.3275 70.3315 109.3111 64.5062 121.4183 44.7690 3.6022 106.5772 106.7330 157.7642 95.6898 20.8772 13.1082 23.0176 86.4379 0.0000 60.9366 81.1729 42.6919 39.6909 6.1780 117.3605 136.9635 75.0738 12.0173 48.3262 42.2310 6.4583 31.1956 4.6208 100.2905 50.8986 33.5744 169.9905 5.9074 51.1059 116.1743 123.1948 47.2622 67.2760 202.5345 102.0913 3.5380 45.4058 120.4629 64.4023 252.7624 16.2695 3.9179 67.5319 15.3494 0.6726 266.8698 87.1234 161.6137 0.3628 154.3630 16.4568 28.0139 212.9878 19.1183 20.9328 65.4214 24.0984 54.9759 17.1651 38.4203 32.5982 63.8036 32.6796 20.8210 17.7878 75.3397 52.8877 156.6564
57.8108 7.3522 30.9351 242.0558 124.8229 107.0196 26.7426 110.7966 3.5036 81.9072 25.9243 87.0894 1.3727 19.9727 71.7999 9.2590 22.3360 200.8021 51.9948 98.1409 34.1479 131.2886 18.2360 66.1264 89.2986 48.0128 45.7724 44.3504 39.7249 12.9967 39.8061 22.1512 18.9209 160.8584 24.2066 25.2393 117.9341 75.6894 90.9466 134.5762 60.9366 0.0000 68.9329 69.1278 144.0973 6.2460 56.8473 52.8615 12.8141 116.5449 40.8523 15.9563 87.7567 22.0571 42.7319 136.6123 124.6603 100.8695 6.3422 127.7785 227.5264 71.8955 98.9726 42.1026 34.2180 30.9721 125.5052 108.4801 5.6132 139.3134 124.1875 127.9266 100.5803 47.8006 113.6710 160.5179 18.7400 36.5920 9.7968 61.7343 96.4687 221.3346 162.3003 111.2256 17.5833 37.1060 101.7662 58.0700 87.1238 90.6634 31.2959 17.7773 50.1625 118.5588 9.1385 108.6436 60.8662 97.4953 119.0632 44.6278
62.7866 24.6161 189.9459 23.7251 29.8334 114.7790 37.0427 66.6188 39.6857 40.8713 60.4981 48.2867 138.4422 50.7556 60.6247 30.9584 89.6764 87.7953 189.5431 105.7109 85.6375 90.7312 212.1448 6.5971 112.9667 107.1758 196.7015 67.0724 63.9729 139.8817 163.5822 183.8182 195.4713 24.5523 171.1890 101.7181 7.0049 243.6330 68.1412 141.7132 81.1729 68.9329 0.0000 62.5318 148.4766 153.8703 40.7634 67.3659 95.0698 48.8965 98.9644 20.2198 178.1354 160.8875 138.0432 30.2198 39.8591 145.2140 176.9487 86.0801 83.7697 25.6436 0.7521 185.9104 13.1158 146.7349 51.3305 102.5600 88.6814 254.0172 96.0342 102.6286 72.7557 65.8666 41.4363 217.0781 0.1936 34.8844 78.9830 25.9810 201.3876 11.0319 124.7143 125.3627 1.1646 35.3061 38.1102 157.2486 74.8029 4.4891 62.0904 13.9580 32.2106 155.1675 86.7083 67.0459 28.9536 104.4251 58.4762 91.4388
128.0036 26.8954 23.2037 139.3105 36.0813 171.8119 23.6536 174.7209 79.3257 129.9332 14.3316 200.6933 61.3648 82.7542 114.2737 176.2939 130.2353 65.1197 105.8444 154.4657 247.4715 63.5614 88.9949 108.9082 125.6055 84.1289 67.2053 9.1046 30.7083 112.8171 144.1135 25.3615 144.4708 133.5672 113.9262 45.5722 146.8501 25.2056 1.0872 98.3481 42.6919 69.1278 62.5318 0.0000 20.8138 53.5610 184.3201 43.3822 46.2042 34.0816 98.7121 163.4849 172.0935 17.1907 41.2392 155.6010 198.9905 15.6384 105.9039 197.3749 145.7726 59.5795 115.8352 53.3147 121.3955 121.4266 67.9551 61.4372 147.3298 17.0505 186.9500 103.4096 103.0923 8.0259 26.2981 15.1627 58.4822 35.9996 93.8261 17.4285 35.1760 48.7413 107.9972 202.0116 94.9506 103.2466 229.6802 126.3735 95.9270 131.7966 77.2946 67.2662 60.4513 85.5915 20.2009 51.1373 170.9251 76.4875 39.4090 20.2414
18.2691 104.9958 98.2622 28.6596 59.2061 60.3157 11.8048 31.7922 38.4608 110.0514 55.0841 90.6952 161.6144 143.9810 86.9323 195.1714 103.7325 212.7188 71.3997 95.3508 11.8570 164.8738 17.4445 109.7911 4.1143 105.9218 42.4394 158.5307 47.5293 31.1748 1.7712 39.9337 118.4938 153.8244 43.8363 217.0680 81.8110 9.4546 65.7392 162.4440 39.6909 144.0973 148.4766 20.8138 0.0000 9.1300 77.0265 50.4177 23.6763 67.3771 42.6808 59.6167 44.9627 7.6302 64.3758 140.3080 66.1837 34.5034 17.2422 201.7775 27.8577 63.2834 136.2247 115.5880 39.8124 55.5235 179.4585 104.2719 91.9140 55.9618 62.3963 118.5964 14.3787 46.6661 7.1273 11.3932 169.2503 33.2634 43.4793 26.0991 57.0793 107.7286 178.3515 19.4332 92.2091 66.2045 52.1909 5.6198 90.7959 35.0090 58.4856 11.2452 142.2205 40.5187 16.2810 41.3442 51.0195 20.2788 59.6112 29.6704
65.6156 61.1146 115.5626 287.8131 34.5417 135.5094 61.4689 23.4861 4.1767 44.0670 9.7703 81.7860 30.0435 10.5823 30.7869 24.7060 55.1556 33.8883 32.7191 72.1535 27.0971 36.5026 30.8672 4.0580 36.8657 105.3739 29.2012 134.3815 102.6479 26.6128 69.0190 64.6962 6.8411 93.4442 16.6098 132.8285 76.7348 36.8429 44.9548 110.3301 6.1780 6.2460 153.8703 53.5610 9.1300 0.0000 132.1244 88.0825 151.3658 2.9388 83.5053 54.6309 181.3226 60.3233 159.1488 113.8992 48.9640 34.2835 70.5405 153.0689 111.9545 30.4609 22.5280 102.0021 42.6792 116.6841 209.5389 102.4473 26.7479 50.9097 5.5760 26.9969 180.8753 59.8095 20.4565 64.7910 27.8418 13.8307 139.9808 39.8547 168.2398 58.5875 2.5830 125.2455 134.0463 55.3045 43.6487 72.5641 246.5965 26.1418 39.6693 40.7646 182.6093 92.2367 42.8374 0.3318 69.1441 191.3126 92.6260 149.3503
0.3841 57.4260 183.2573 24.6462 75.2170 64.7315 147.8461 13.0345 102.9023 34.2727 86.6490 160.6918 55.7913 14.7857 31.4053 99.0402 104.3798 242.4619 149.8161 97.7633 19.4912 241.8636 77.4708 24.8137 13.4964 86.7912 220.5617 87.9343 179.1499 17.9420 97.9631 43.3829 171.8033 95.3408 252.7785 30.0024 116.9301 91.1728 27.2796 150.8116 117.3605 56.8473 40.7634 184.3201 77.0265 132.1244 0.0000 107.8728 3.6631 30.2993 110.4857 45.9291 108.5163 56.7452 258.0618 37.8679 209.6691 82.7659 193.1572 82.2972 124.3889 47.3200 140.2288 94.6230 136.8551 3.5116 82.3839 123.0659 46.4396 176.1648 28.6670 8.1031 53.6532 23.6224 15.2864 4.9880 70.8007 135.8805 255.5093 143.5452 74.6234 72.5193 95.7555 33.3418 73.6769 37.4196 88.2247 12.3587 11.0678 64.5264 0.3005 4.3259 24.6672 30.7956 16.3113 103.9610 46.1209 157.1421 26.5128 125.2416
33.1508 12.4008 294.9712 92.2799 37.2044 40.8596 11.0070 4.3230 10.1340 112.9816 12.2221 37.7524 138.6222 85.7297 24.8783 57.3995 28.4024 74.3893 52.9859 47.8236 15.9053 31.5426 128.8271 55.9116 43.7521 1.3581 26.8325 63.4585 42.4663 104.4229 95.4202 34.5139 165.4481 23.8066 227.4040 165.6742 110.2406 183.9925 60.5564 22.6744 136.9635 52.8615 67.3659 43.3822 50.4177 88.0825 107.8728 0.0000 71.4940 96.7036 60.9524 69.3075 25.5630 151.5884 84.3631 154.2734 206.8607 61.0694 78.4807 4.4652 54.6901 9.7424 101.6406 69.1837 40.4443 103.7330 8.3758 177.1683 60.4233 85.3395 58.5424 5.1578 76.7239 10.6319 146.3070 91.6487 68.6170 127.8255 24.0378 19.2654 13.7341 63.1518 39.9863 10.2866 28.5835 44.2670 170.7816 223.5615 136.5321 74.9708 136.8933 85.1023 70.8378 44.4823 87.2405 20.2567 179.2209 19.9196 231.1281 130.3264
