10
0.0000 3.6057 6.1714 5.2949 13.6371 6.3096 2.7884 19.5669 4.9473 14.1269
3.6057 0.0000 18.5576 16.4197 2.0535 14.0499 4.0592 1.2804 6.8155 15.9816
6.1714 18.5576 0.0000 12.3665 0.4887 14.8012 14.1380 7.6717 2.2131 10.2887
5.2949 16.4197 12.3665 0.0000 10.8533 8.6382 1.5832 10.4812 3.5861 6.4667
13.6371 2.0535 0.4887 10.8533 0.0000 17.9469 2.0976 8.8013 7.5035 0.8139
6.3096 14.0499 14.8012 8.6382 17.9469 0.0000 6.1234 9.0935 1.4202 0.8555
2.7884 4.0592 14.1380 1.5832 2.0976 6.1234 0.0000 19.9671 4.9004 12.1218
19.5669 1.2804 7.6717 10.4812 8.8013 9.0935 19.9671 0.0000 8.4514 3.4414
4.9473 6.8155 2.2131 3.5861 7.5035 1.4202 4.9004 8.4514 0.0000 0.4356
14.1269 15.9816 10.2887 6.4667 0.8139 0.8555 12.1218 3.4414 0.4356 0.0000
