10
0.0000 672.0055 865.6307 431.3630 206.9491 739.8235 233.1972 966.0835 641.0460 831.3013
672.0055 0.0000 1796.8198 745.2776 663.5795 2568.2015 800.0865 503.0196 58.7351 405.7441
865.6307 1796.8198 0.0000 420.5919 449.7341 1065.4993 1095.6728 1153.2205 567.4483 1267.3570
431.3630 745.2776 420.5919 0.0000 776.7934 185.1339 690.4390 554.0265 533.0759 603.5105
206.9491 663.5795 449.7341 776.7934 0.0000 1644.6263 577.1648 1865.5297 376.1871 1895.2902
739.8235 2568.2015 1065.4993 185.1339 1644.6263 0.0000 277.8506 164.8149 474.2302 2030.9062
233.1972 800.0865 1095.6728 690.4390 577.1648 277.8506 0.0000 157.2806 1173.3450 836.7997
966.0835 503.0196 1153.2205 554.0265 1865.5297 164.8149 157.2806 0.0000 1989.5703 1006.1718
641.0460 58.7351 567.4483 533.0759 376.1871 474.2302 1173.3450 1989.5703 0.0000 1296.0560
831.3013 405.7441 1267.3570 603.5105 1895.2902 2030.9062 836.7997 1006.1718 1296.0560 0.0000
