16
0.0000 6.9650 3.7281 2.6959 0.4988 6.0081 12.0970 10.1314 16.3439 15.9159 3.1813 6.2063 0.0971 11.4921 2.9134 12.6331
6.9650 0.0000 2.4664 3.8807 8.4578 10.1518 0.4438 8.6884 3.2759 17.9780 7.9003 15.8580 3.2528 1.4635 2.2895 9.5075
3.7281 2.4664 0.0000 3.9815 8.3278 5.5154 14.7031 14.3244 4.4293 3.4701 4.2380 0.4816 11.9684 11.8602 26.6510 9.7223
2.6959 3.8807 3.9815 0.0000 2.3745 6.7811 11.0373 0.8136 6.7464 17.5638 2.6992 7.2764 4.7049 8.6212 11.4644 5.2279
0.4988 8.4578 8.3278 2.3745 0.0000 29.8400 1.0331 12.8823 8.9605 7.0274 6.0959 16.0127 1.5169 6.9117 0.7897 2.1021
6.0081 10.1518 5.5154 6.7811 29.8400 0.0000 2.5129 4.5475 8.6094 0.4127 2.1646 5.1333 9.5876 2.3889 4.2454 13.1397
12.0970 0.4438 14.7031 11.0373 1.0331 2.5129 0.0000 0.9400 1.7939 5.2315 9.2017 6.1787 4.2268 5.7027 4.6079 17.1323
10.1314 8.6884 14.3244 0.8136 12.8823 4.5475 0.9400 0.0000 13.5222 4.7282 8.0136 7.7626 11.8785 21.2782 6.9003 9.7407
16.3439 3.2759 4.4293 6.7464 8.9605 8.6094 1.7939 13.5222 0.0000 3.6547 1.9880 6.9600 1.7473 1.7206 12.6772 3.3244
15.9159 17.9780 3.4701 17.5638 7.0274 0.4127 5.2315 4.7282 3.6547 0.0000 11.5416 16.1259 11.1588 11.7703 0.0680 1.7208
3.1813 7.9003 4.2380 2.6992 6.0959 2.1646 9.2017 8.0136 1.9880 11.5416 0.0000 0.5544 4.3296 22.0620 14.7691 0.7477
6.2063 15.8580 0.4816 7.2764 16.0127 5.1333 6.1787 7.7626 6.9600 16.1259 0.5544 0.0000 6.8374 0.6195 9.3016 1.8161
0.0971 3.2528 11.9684 4.7049 1.5169 9.5876 4.2268 11.8785 1.7473 11.1588 4.3296 6.8374 0.0000 13.6442 5.8293 6.3567
11.4921 1.4635 11.8602 8.6212 6.9117 2.3889 5.7027 21.2782 1.7206 11.7703 22.0620 0.6195 13.6442 0.0000 4.0873 8.9927
2.9134 2.2895 26.6510 11.4644 0.7897 4.2454 4.6079 6.9003 12.6772 0.0680 14.7691 9.3016 5.8293 4.0873 0.0000 5.2399
12.6331 9.5075 9.7223 5.2279 2.1021 13.1397 17.1323 9.7407 3.3244 1.7208 0.7477 1.8161 6.3567 8.9927 5.2399 0.0000
