17
0.0000 4.2277 20.1330 13.9981 7.6907 0.9443 6.7652 25.5865 3.2295 7.8474 4.8220 2.2649 10.9585 6.7244 16.4411 13.3479 20.1932
4.2277 0.0000 14.7633 6.3372 12.6938 7.1457 3.0744 2.1544 1.9727 8.4833 3.8905 12.4455 14.4357 17.7082 11.4192 4.1435 11.8906
20.1330 14.7633 0.0000 10.8988 5.9635 13.9654 14.2989 11.7994 7.3639 5.6349 7.6568 5.8672 8.6950 3.8153 9.7774 4.4086 9.8239
13.9981 6.3372 10.8988 0.0000 11.2935 19.8921 13.4107 1.1265 10.8596 3.9331 15.5994 7.4011 20.6091 8.3509 1.6569 0.3226 25.2133
7.6907 12.6938 5.9635 11.2935 0.0000 7.6039 2.6876 2.0846 1.4817 1.2658 4.9554 21.4902 4.0071 1.8447 0.5538 7.0458 0.3152
0.9443 7.1457 13.9654 19.8921 7.6039 0.0000 8.6348 2.5220 4.8705 1.1356 3.3968 1.9549 7.8246 2.7240 6.1523 6.2784 14.6254
6.7652 3.0744 14.2989 13.4107 2.6876 8.6348 0.0000 2.3141 2.9865 3.3137 0.2784 5.2459 4.3802 2.6202 6.8821 10.3046 3.7514
25.5865 2.1544 11.7994 1.1265 2.0846 2.5220 2.3141 0.0000 12.0523 7.2324 10.6025 14.8602 12.3992 11.5311 14.4354 5.7549 1.6327
3.2295 1.9727 7.3639 10.8596 1.4817 4.8705 2.9865 12.0523 0.0000 10.7094 0.4356 13.8009 3.1342 16.9340 13.5812 5.9513 0.7663
7.8474 8.4833 5.6349 3.9331 1.2658 1.1356 3.3137 7.2324 10.7094 0.0000 8.1339 4.7983 7.3660 13.4263 19.6767 10.8226 14.2324
4.8220 3.8905 7.6568 15.5994 4.9554 3.3968 0.2784 10.6025 0.4356 8.1339 0.0000 18.3940 2.5049 8.5684 0.6923 15.9040 6.6246
2.2649 12.4455 5.8672 7.4011 21.4902 1.9549 5.2459 14.8602 13.8009 4.7983 18.3940 0.0000 24.4484 10.2869 10.4595 4.5647 0.6267
10.9585 14.4357 8.6950 20.6091 4.0071 7.8246 4.3802 12.3992 3.1342 7.3660 2.5049 24.4484 0.0000 0.5960 9.7204 5.7251 1.3764
6.7244 17.7082 3.8153 8.3509 1.8447 2.7240 2.6202 11.5311 16.9340 13.4263 8.5684 10.2869 0.5960 0.0000 29.3939 10.2562 0.4446
16.4411 11.4192 9.7774 1.6569 0.5538 6.1523 6.8821 14.4354 13.5812 19.6767 0.6923 10.4595 9.7204 29.3939 0.0000 6.6901 8.6087
13.3479 4.1435 4.4086 0.3226 7.0458 6.2784 10.3046 5.7549 5.9513 10.8226 15.9040 4.5647 5.7251 10.2562 6.6901 0.0000 12.3788
20.1932 11.8906 9.8239 25.2133 0.3152 14.6254 3.7514 1.6327 0.7663 14.2324 6.6246 0.6267 1.3764 0.4446 8.6087 12.3788 0.0000
