20
0.0000 175.5369 25.2285 61.2640 140.5553 24.5342 81.0355 69.9881 13.3004 11.6252 142.0862 19.1087 121.4607 98.5811 183.8360 49.3123 34.6957 67.8448 117.8704 76.5211
175.5369 0.0000 16.9558 16.2240 52.4948 46.2249 23.1606 103.0521 21.1012 38.6094 11.9791 32.8768 44.3485 33.3267 80.5697 19.5401 72.3449 142.9963 41.8605 69.2309
25.2285 16.9558 0.0000 2.7869 47.0300 115.9137 140.5562 6.1980 116.9355 38.5904 187.5053 94.1496 4.3263 116.3505 42.5091 36.4495 96.3243 108.3211 104.8662 6.4033
61.2640 16.2240 2.7869 0.0000 102.6882 45.5995 22.8411 181.2220 16.1773 64.1450 162.4494 169.4166 77.2589 17.1085 121.1897 0.6813 7.8153 26.4931 114.0521 147.3791
140.5553 52.4948 47.0300 102.6882 0.0000 51.1593 17.1387 124.3548 75.6358 72.1793 77.3381 13.4249 88.5752 109.2005 84.6187 156.9787 64.7316 15.3350 71.2279 107.4288
24.5342 46.2249 115.9137 45.5995 51.1593 0.0000 16.2518 124.1698 68.7664 8.7863 24.3690 123.7171 117.5924 128.7402 80.4544 186.2436 13.3359 20.8808 115.5464 200.7321
81.0355 23.1606 140.5562 22.8411 17.1387 16.2518 0.0000 110.0799 15.4279 65.6927 68.6999 70.6100 88.2281 42.5076 43.9489 24.4539 10.4159 45.4033 183.3075 10.8673
69.9881 103.0521 6.1980 181.2220 124.3548 124.1698 110.0799 0.0000 116.7189 82.9462 179.8537 29.8618 42.8300 19.8435 81.1640 15.1556 108.7086 9.7394 33.7979 4.4879
13.3004 21.1012 116.9355 16.1773 75.6358 68.7664 15.4279 116.7189 0.0000 31.2455 56.3027 40.2196 30.4823 30.3565 138.4022 34.0590 39.2784 240.8097 69.4638 112.4485
11.6252 38.6094 38.5904 64.1450 72.1793 8.7863 65.6927 82.9462 31.2455 0.0000 80.6899 179.2818 25.8121 16.6927 99.8218 33.2292 6.7944 7.5440 120.8720 162.0278
142.0862 11.9791 187.5053 162.4494 77.3381 24.3690 68.6999 179.8537 56.3027 80.6899 0.0000 29.1211 98.4483 108.1723 25.9527 61.6279 36.9588 3.9344 61.5922 18.1407
19.1087 32.8768 94.1496 169.4166 13.4249 123.7171 70.6100 29.8618 40.2196 179.2818 29.1211 0.0000 55.2094 51.8824 74.1177 107.3930 68.0611 108.0814 53.0662 78.4900
121.4607 44.3485 4.3263 77.2589 88.5752 117.5924 88.2281 42.8300 30.4823 25.8121 98.4483 55.2094 0.0000 106.7026 46.3904 69.7021 135.1986 175.0957 21.7596 239.5689
98.5811 33.3267 116.3505 17.1085 109.2005 128.7402 42.5076 19.8435 30.3565 16.6927 108.1723 51.8824 106.7026 0.0000 182.5820 118.2348 92.8545 10.7144 30.7802 245.2997
183.8360 80.5697 42.5091 121.1897 84.6187 80.4544 43.9489 81.1640 138.4022 99.8218 25.9527 74.1177 46.3904 182.5820 0.0000 65.1525 25.1837 280.0526 14.7774 257.7820
49.3123 19.5401 36.4495 0.6813 156.9787 186.2436 24.4539 15.1556 34.0590 33.2292 61.6279 107.3930 69.7021 118.2348 65.1525 0.0000 58.3660 45.7675 21.6290 33.0234
34.6957 72.3449 96.3243 7.8153 64.7316 13.3359 10.4159 108.7086 39.2784 6.7944 36.9588 68.0611 135.1986 92.8545 25.1837 58.3660 0.0000 4.6120 99.5761 134.8758
67.8448 142.9963 108.3211 26.4931 15.3350 20.8808 45.4033 9.7394 240.8097 7.5440 3.9344 108.0814 175.0957 10.7144 280.0526 45.7675 4.6120 0.0000 2.9646 9.1189
117.8704 41.8605 104.8662 114.0521 71.2279 115.5464 183.3075 33.7979 69.4638 120.8720 61.5922 53.0662 21.7596 30.7802 14.7774 21.6290 99.5761 2.9646 0.0000 40.9097
76.5211 69.2309 6.4033 147.3791 107.4288 200.7321 10.8673 4.4879 112.4485 162.0278 18.1407 78.4900 239.5689 245.2997 257.7820 33.0234 134.8758 9.1189 40.9097 0.0000
