20
0.0000 5.1390 12.4805 7.2483 15.3598 22.8222 11.7490 17.2959 14.3834 0.3235 11.0891 3.5704 10.2084 7.2820 4.9325 1.5371 8.0584 8.5437 5.3732 18.0073
5.1390 0.0000 17.1419 15.7285 6.9042 1.0612 4.1232 16.4085 4.6727 4.6594 17.1535 2.8417 6.3511 1.6057 15.9517 4.5323 9.4956 5.3771 25.4039 24.1882
12.4805 17.1419 0.0000 0.7354 3.1494 3.2233 3.8696 4.4941 9.8717 12.0235 5.1476 3.0350 3.4926 4.2019 2.7429 3.4798 18.2383 6.3280 7.4105 3.8486
7.2483 15.7285 0.7354 0.0000 0.2426 8.3369 4.8363 2.7155 2.7543 8.3744 1.8453 11.1048 7.3226 0.1888 6.4918 7.5092 2.2525 1.5478 7.3854 1.9076
15.3598 6.9042 3.1494 0.2426 0.0000 6.8417 13.8316 14.7792 0.7805 8.9638 5.5783 3.5743 3.7831 3.7586 2.5748 6.8956 3.9375 12.5441 5.3250 10.3859
22.8222 1.0612 3.2233 8.3369 6.8417 0.0000 7.0168 4.2364 15.1511 17.8232 13.1200 2.9741 10.2508 18.0009 2.9342 21.4110 17.4607 3.7129 5.5708 5.9131
11.7490 4.1232 3.8696 4.8363 13.8316 7.0168 0.0000 19.6150 8.0433 2.2789 11.7688 7.8689 10.6224 8.5124 14.6838 9.2425 0.6663 12.5754 0.8261 9.9240
17.2959 16.4085 4.4941 2.7155 14.7792 4.2364 19.6150 0.0000 1.2189 1.6255 6.9463 12.2590 20.3015 13.3314 18.1867 3.2872 9.0591 7.4149 2.5827 12.7259
14.3834 4.6727 9.8717 2.7543 0.7805 15.1511 8.0433 1.2189 0.0000 13.3600 0.9723 17.7732 2.1487 3.8421 5.2303 18.0192 4.1783 2.1283 2.4445 4.0450
0.3235 4.6594 12.0235 8.3744 8.9638 17.8232 2.2789 1.6255 13.3600 0.0000 7.9864 5.2217 11.2014 19.6714 22.0798 10.8178 7.1903 11.9673 8.2377 12.7835
11.0891 17.1535 5.1476 1.8453 5.5783 13.1200 11.7688 6.9463 0.9723 7.9864 0.0000 12.2329 1.7801 1.5036 10.2310 7.1803 19.9027 3.2292 1.0708 5.8713
3.5704 2.8417 3.0350 11.1048 3.5743 2.9741 7.8689 12.2590 17.7732 5.2217 12.2329 0.0000 10.0819 5.4179 3.8413 19.4764 3.0745 9.8767 26.4299 14.0495
10.2084 6.3511 3.4926 7.3226 3.7831 10.2508 10.6224 20.3015 2.1487 11.2014 1.7801 10.0819 0.0000 1.3222 5.2860 6.3975 4.0369 5.9404 12.3162 2.6562
7.2820 1.6057 4.2019 0.1888 3.7586 18.0009 8.5124 13.3314 3.8421 19.6714 1.5036 5.4179 1.3222 0.0000 28.0775 6.8732 0.2099 1.5601 8.2973 5.9978
4.9325 15.9517 2.7429 6.4918 2.5748 2.9342 14.6838 18.1867 5.2303 22.0798 10.2310 3.8413 5.2860 28.0775 0.0000 0.1923 15.0568 3.0061 13.2699 6.9623
1.5371 4.5323 3.4798 7.5092 6.8956 21.4110 9.2425 3.2872 18.0192 10.8178 7.1803 19.4764 6.3975 6.8732 0.1923 0.0000 6.9882 12.2087 14.0358 1.4793
8.0584 9.4956 18.2383 2.2525 3.9375 17.4607 0.6663 9.0591 4.1783 7.1903 19.9027 3.0745 4.0369 0.2099 15.0568 6.9882 0.0000 0.9989 11.0946 0.4432
8.5437 5.3771 6.3280 1.5478 12.5441 3.7129 12.5754 7.4149 2.1283 11.9673 3.2292 9.8767 5.9404 1.5601 3.0061 12.2087 0.9989 0.0000 2.8892 2.4594
5.3732 25.4039 7.4105 7.3854 5.3250 5.5708 0.8261 2.5827 2.4445 8.2377 1.0708 26.4299 12.3162 8.2973 13.2699 14.0358 11.0946 2.8892 0.0000 8.2631
18.0073 24.1882 3.8486 1.9076 10.3859 5.9131 9.9240 12.7259 4.0450 12.7835 5.8713 14.0495 2.6562 5.9978 6.9623 1.4793 0.4432 2.4594 8.2631 0.0000
