7
0.0000 24.3856 1.3630 3.4437 9.2078 3.6771 0.1654
24.3856 0.0000 17.7093 17.8455 5.3706 7.1897 1.8562
1.3630 17.7093 0.0000 7.8935 16.9484 7.3177 1.8103
3.4437 17.8455 7.8935 0.0000 18.7483 10.0706 4.7825
9.2078 5.3706 16.9484 18.7483 0.0000 10.3815 7.7034
3.6771 7.1897 7.3177 10.0706 10.3815 0.0000 3.0798
0.1654 1.8562 1.8103 4.7825 7.7034 3.0798 0.0000
